1600271
0002051
1600650
1600206
1600598
1600458
0002122
1600846
1601186
1601006
1600108
1601818
1010107
1600691
0000333
0002242
1510300
1600739
0000690
1601808
0000895
0002503
1000300
1601618
1600690
1600352
1600551
1600196
0000001
1600611
0000788
0002385
0000957
0002069
0399001
0131810
1204004
1204014
1204007
0131801
0131800
1204001
1600588
0000338
1600583
1600028
1601318
1601198
0131802
1600158
1600958
1601988
1600377
1601169
1601901
0002028
1600754
1600109
1601288
1601766
1600390
1601857
0000002
1510050
1600655
1601939
0000623
0002489
0000651